,C++,C#,Java,Javascript,PHP,SQL,Python
C++,931,103,143,62,54,87,152
C#,103,639,60,48,31,92,60
Java,143,60,1061,0,73,363,127
Javascript,62,48,0,556,101,97,83
PHP,54,31,73,101,653,243,114
SQL,87,92,363,97,243,1069,154
Python,152,60,127,83,114,154,836
